0.000000
0.000000
0.000000
0.000000
0.000000
0.000000
0.000000
0.000000
0.001000
0.001000
0.002000
0.001000
0.001000
0.003000
0.001000
0.002000
0.004000
0.003000
0.002000
0.002000
0.005000
0.003000
0.004000
0.006000
0.004000
0.007000
0.008000
0.007000
0.007000
0.007000
0.008000
0.010000
0.009000
0.009000
0.013000
0.011000
0.010000
0.010000
0.010000
0.018000
0.013000
0.013000
0.014000
0.014000
0.016000
0.019000
0.017000
0.018000
0.018000
0.020000
0.019000
0.021000
0.071000
0.027000
0.029000
0.031000
0.028000
0.033000
0.026000
0.033000
0.029000
0.034000
0.030000
0.040000
0.041000
0.035000
0.031000
0.033000
0.041000
0.039000
0.044000
0.049000
0.057000
0.041000
0.055000
0.035000
0.037000
0.041000
0.038000
0.047000
0.049000
0.045000
0.039000
0.044000
0.051000
0.051000
0.063000
0.062000
0.065000
0.080000
0.051000
0.064000
0.056000
0.071000
0.072000
0.068000
0.066000
0.068000
0.062000
0.063000
0.064000
0.121000
0.096000
0.097000
0.082000
0.104000
0.079000
0.080000
0.084000
0.077000
0.102000
0.085000
0.088000
0.078000
0.083000
0.095000
0.097000
0.122000
0.099000
0.088000
0.080000
0.090000
0.096000
0.111000
0.117000
0.149000
0.141000
0.154000
0.169000
0.137000
0.162000
0.198000
0.104000
0.111000
0.122000
0.121000
0.126000
0.179000
0.130000
0.129000
0.171000
0.144000
0.132000
0.144000
0.161000
0.151000
0.143000
0.131000
0.124000
0.134000
0.153000
0.159000
0.173000
0.201000
0.200000
0.176000
0.196000
0.182000
0.186000
0.177000
0.213000
0.179000
0.158000
0.193000
0.190000
0.202000
0.276000
0.225000
0.234000
0.193000
0.165000
0.174000
0.165000
0.190000
0.190000
0.194000
0.184000
0.195000
0.214000
0.211000
0.218000
0.225000
0.308000
0.334000
0.260000
0.230000
0.248000
0.214000
0.204000
0.285000
0.236000
0.224000
0.221000
0.255000
0.214000
0.236000
0.237000
0.263000
0.254000
0.253000
0.260000
0.284000
0.244000
0.261000
0.358000
0.277000
0.269000
0.258000
0.287000
0.270000
0.308000
0.259000
0.284000
0.253000
0.264000
0.311000
0.279000
0.290000
0.299000
0.286000
0.286000
0.298000
0.324000
0.291000
0.322000
0.358000
0.320000
0.309000
0.285000
0.285000
0.299000
0.330000
0.332000
0.309000
0.305000
0.349000
0.353000
0.338000
0.365000
0.350000
0.359000
0.338000
0.382000
0.355000
0.354000
0.386000
0.365000
0.354000
0.369000
0.411000
0.418000
0.374000
0.337000
0.402000
0.439000
0.416000
0.397000
0.426000
0.420000
0.422000
0.399000
0.357000
0.412000
0.392000
0.427000
0.395000
0.412000
0.446000
0.439000
0.456000
0.454000
0.433000
0.431000
0.463000
0.434000
0.471000
0.436000
0.469000
0.558000
0.551000
0.515000
0.450000
0.448000
0.524000
0.497000
0.459000
0.496000
0.469000
0.508000
0.519000
0.485000
0.593000
0.538000
0.486000
0.521000
0.537000
0.596000
0.589000
0.548000
0.610000
0.465000
0.400000
0.480000
0.459000
0.406000
0.512000
0.447000
0.424000
0.424000
0.456000
0.559000
0.439000
0.442000
0.415000
0.413000
0.662000
0.570000
0.533000
0.498000
0.460000
0.448000
0.480000
0.458000
0.467000
0.450000
1.124000
1.097000
1.101000
1.148000
0.738000
0.469000
0.484000
0.496000
0.509000
0.479000
0.457000
0.469000
0.512000
0.490000
0.471000
0.495000
0.583000
0.483000
0.493000
0.607000
0.683000
0.723000
0.741000
0.678000
0.765000
0.678000
0.660000
0.651000
0.583000
0.602000
0.554000
0.563000
0.564000
0.573000
0.769000
1.129000
0.868000
0.646000
0.752000
0.647000
0.603000
0.606000
0.589000
0.607000
0.599000
0.603000
0.623000
0.635000
0.648000
0.643000
0.636000
0.704000
0.717000
0.704000
0.680000
0.681000
0.713000
0.716000
0.675000
0.688000
0.697000
0.679000
0.971000
0.939000
0.798000
0.755000
0.692000
0.696000
0.718000
0.709000
0.727000
0.696000
0.697000
0.695000
0.788000
0.696000
0.726000
0.714000
0.728000
0.715000
0.738000
0.724000
0.720000
0.750000
0.806000
0.799000
0.753000
0.786000
0.754000
0.787000
0.816000
0.740000
0.783000
0.910000
0.803000
0.787000
0.782000
0.823000
0.913000
1.055000
1.249000
1.070000
0.895000
0.852000
0.822000
0.814000
0.838000
1.888000
2.000000
1.552000
0.963000
0.806000
0.813000
0.819000
0.862000
0.870000
0.839000
0.980000
0.865000
0.846000
0.920000
0.935000
1.055000
1.142000
0.957000
0.873000
0.899000
0.892000
0.898000
1.037000
0.980000
0.930000
0.923000
0.926000
0.932000
0.945000
0.974000
0.940000
0.965000
0.953000
0.962000
0.999000
0.960000
0.988000
0.999000
0.993000
0.997000
1.051000
1.044000
1.055000
1.041000
1.227000
1.115000
1.055000
1.037000
1.076000
1.944000
2.315000
2.291000
2.294000
2.292000
2.297000
2.313000
2.282000
2.330000
2.321000
2.341000
2.340000
2.409000
2.378000
2.398000
2.405000
2.418000
2.399000
2.440000
2.465000
2.475000
2.448000
2.445000
2.487000
2.499000
2.492000
2.471000
2.510000
2.540000
2.533000
2.504000
2.593000
2.530000
2.578000
2.603000
2.562000
2.604000
2.569000
2.600000
2.660000
2.709000
1.186000
1.226000
1.191000
1.233000
1.172000
1.196000
1.155000
1.224000
1.272000
1.605000
1.339000
1.308000
1.358000
1.477000
1.234000
1.351000
1.274000
1.227000
1.224000
1.278000
1.622000
1.575000
1.413000
1.835000
2.841000
2.897000
3.032000
3.072000
3.063000
3.064000
3.074000
3.119000
3.074000
3.134000
3.175000
3.177000
3.149000
3.212000
3.200000
3.288000
3.178000
3.281000
3.244000
3.253000
3.203000
3.284000
3.346000
3.298000
1.438000
1.470000
1.800000
1.579000
1.367000
1.416000
1.441000
1.617000
1.441000
1.480000
1.763000
1.479000
1.446000
1.418000
1.447000
1.388000
1.420000
1.442000
1.469000
1.768000
1.830000
1.677000
1.549000
3.182000
3.566000
3.549000
3.634000
3.667000
3.610000
3.602000
3.722000
3.840000
2.128000
1.597000
1.536000
1.532000
1.684000
1.564000
1.538000
1.683000
1.674000
1.652000
1.683000
1.704000
1.651000
1.603000
1.799000
2.996000
3.809000
3.977000
3.806000
3.748000
3.744000
3.733000
3.816000
3.955000
2.808000
1.618000
1.609000
1.613000
2.159000
1.813000
1.694000
1.790000
1.818000
1.627000
1.669000
2.452000
4.070000
4.067000
3.983000
4.450000
4.271000
4.008000
4.006000
4.052000
4.083000
4.063000
4.091000
4.101000
4.179000
4.230000
2.554000
1.935000
1.829000
1.960000
2.161000
2.077000
1.996000
2.001000
2.063000
1.909000
2.122000
2.146000
1.888000
2.039000
1.965000
2.219000
2.210000
2.053000
2.201000
2.052000
2.086000
2.056000
2.063000
2.058000
2.183000
2.042000
1.997000
3.743000
4.493000
4.579000
4.653000
3.456000
2.078000
2.019000
1.914000
2.454000
2.050000
2.035000
2.354000
2.117000
2.209000
2.304000
2.212000
2.306000
2.259000
2.201000
2.327000
2.313000
2.247000
2.300000
2.200000
2.485000
2.400000
2.303000
2.303000
2.447000
2.673000
2.452000
2.431000
2.357000
2.320000
2.275000
2.196000
2.328000
2.404000
2.532000
2.456000
2.410000
2.402000
2.641000
2.572000
3.223000
5.064000
5.072000
5.096000
5.128000
5.147000
5.162000
5.116000
5.180000
5.162000
5.152000
5.209000
5.251000
5.365000
5.411000
2.441000
2.319000
2.699000
2.582000
2.572000
2.441000
2.407000
2.579000
2.578000
2.472000
2.370000
2.537000
2.808000
3.008000
2.643000
2.628000
2.657000
2.511000
2.465000
2.508000
2.690000
2.735000
2.796000
2.876000
4.374000
5.933000
5.943000
5.174000
2.804000
2.619000
3.871000
5.934000
5.933000
6.107000
6.126000
6.113000
5.829000
5.995000
6.195000
6.133000
6.104000
6.061000
6.204000
6.131000
6.132000
6.063000
6.180000
6.129000
6.115000
6.208000
6.186000
6.259000
6.354000
6.295000
6.203000
6.395000
6.417000
6.395000
6.436000
6.446000
6.418000
6.381000
6.460000
6.312000
6.345000
6.545000
6.474000
6.581000
6.674000
6.597000
6.616000
6.592000
6.680000
6.800000
6.501000
6.479000
6.463000
6.418000
6.515000
6.439000
6.477000
6.442000
6.503000
6.049000
6.609000
6.571000
6.604000
6.680000
6.606000
6.667000
6.646000
6.747000
6.819000
6.736000
6.717000
6.755000
6.765000
6.373000
2.919000
2.845000
2.910000
2.824000
2.848000
2.888000
2.995000
2.909000
2.862000
2.879000
3.134000
3.195000
3.533000
3.163000
3.121000
3.099000
3.144000
3.162000
3.124000
3.168000
3.208000
3.624000
3.191000
3.174000
3.221000
3.183000
3.632000
3.697000
6.688000
7.832000
7.571000
7.464000
7.223000
7.338000
7.471000
7.190000
7.117000
7.426000
7.369000
7.912000
7.729000
7.561000
7.409000
6.164000
3.060000
3.084000
3.091000
3.125000
3.137000
3.105000
3.221000
3.301000
3.344000
3.345000
3.353000
3.355000
3.406000
3.376000
3.353000
3.365000
3.367000
3.390000
3.400000
3.413000
3.388000
3.422000
3.413000
3.440000
3.434000
3.425000
3.441000
3.456000
3.440000
3.540000
3.564000
3.478000
3.509000
3.499000
3.488000
3.572000
3.665000
4.375000
7.303000
4.908000
3.490000
3.571000
3.351000
3.350000
3.694000
3.469000
3.477000
3.453000
3.780000
3.838000
7.203000
8.343000
8.656000
8.589000
8.658000
8.448000
8.619000
8.681000
8.452000
8.390000
8.614000
8.779000
8.938000
8.882000
8.741000
8.729000
8.818000
8.798000
9.101000
8.935000
8.941000
8.867000
8.826000
9.248000
9.011000
9.132000
8.982000
8.986000
8.996000
9.115000
9.110000
9.299000
8.760000
7.715000
3.681000
8.499000
9.425000
9.398000
9.401000
9.402000
4.748000
3.591000
3.610000
3.546000
3.615000
3.725000
3.625000
3.598000
3.587000
3.665000
3.634000
3.705000
3.852000
4.430000
3.897000
9.348000
9.722000
9.852000
9.436000
9.341000
9.517000
10.165000
10.086000
10.134000
10.190000
10.283000
10.218000
10.217000
10.445000
9.981000
