0.000000
0.000000
0.000000
0.000000
0.000000
0.001000
0.001000
0.001000
0.001000
0.002000
0.001000
0.001000
0.001000
0.001000
0.003000
0.001000
0.002000
0.003000
0.002000
0.002000
0.005000
0.004000
0.003000
0.003000
0.005000
0.003000
0.006000
0.007000
0.004000
0.007000
0.006000
0.008000
0.007000
0.007000
0.010000
0.009000
0.009000
0.010000
0.010000
0.013000
0.012000
0.014000
0.011000
0.016000
0.014000
0.015000
0.015000
0.016000
0.022000
0.019000
0.018000
0.021000
0.020000
0.027000
0.021000
0.026000
0.020000
0.025000
0.021000
0.028000
0.026000
0.031000
0.023000
0.028000
0.028000
0.030000
0.046000
0.045000
0.037000
0.033000
0.040000
0.035000
0.037000
0.038000
0.037000
0.038000
0.041000
0.039000
0.042000
0.046000
0.040000
0.047000
0.049000
0.044000
0.051000
0.051000
0.056000
0.056000
0.052000
0.054000
0.053000
0.053000
0.054000
0.057000
0.056000
0.066000
0.061000
0.059000
0.060000
0.066000
0.071000
0.063000
0.061000
0.114000
0.130000
0.127000
0.089000
0.085000
0.078000
0.095000
0.076000
0.073000
0.079000
0.076000
0.084000
0.086000
0.094000
0.093000
0.102000
0.088000
0.097000
0.097000
0.088000
0.098000
0.090000
0.094000
0.102000
0.100000
0.101000
0.102000
0.107000
0.104000
0.126000
0.118000
0.119000
0.115000
0.112000
0.126000
0.113000
0.127000
0.120000
0.117000
0.121000
0.130000
0.129000
0.130000
0.129000
0.140000
0.136000
0.146000
0.131000
0.140000
0.139000
0.159000
0.151000
0.152000
0.144000
0.155000
0.153000
0.145000
0.172000
0.168000
0.160000
0.153000
0.165000
0.160000
0.174000
0.179000
0.170000
0.187000
0.181000
0.173000
0.173000
0.194000
0.182000
0.190000
0.180000
0.185000
0.199000
0.206000
0.200000
0.203000
0.194000
0.200000
0.200000
0.211000
0.210000
0.208000
0.219000
0.239000
0.242000
0.223000
0.226000
0.222000
0.225000
0.217000
0.223000
0.226000
0.233000
0.241000
0.242000
0.242000
0.242000
0.257000
0.248000
0.269000
0.263000
0.260000
0.255000
0.274000
0.267000
0.258000
0.274000
0.438000
0.277000
0.279000
0.277000
0.282000
0.283000
0.304000
0.293000
0.318000
0.296000
0.282000
0.294000
0.291000
0.300000
0.308000
0.332000
0.299000
0.313000
0.317000
0.316000
0.335000
0.339000
0.334000
0.332000
0.338000
0.328000
0.329000
0.337000
0.341000
0.340000
0.344000
0.347000
0.356000
0.364000
0.357000
0.351000
0.354000
0.354000
0.383000
0.367000
0.382000
0.401000
0.390000
0.383000
0.402000
0.398000
0.399000
0.399000
0.393000
0.408000
0.409000
0.411000
0.413000
0.409000
0.416000
0.431000
0.436000
0.438000
0.425000
0.426000
0.443000
0.447000
0.444000
0.464000
0.468000
0.474000
0.484000
0.482000
0.508000
0.485000
0.544000
0.503000
0.492000
0.511000
0.526000
0.502000
0.514000
0.513000
0.531000
0.535000
0.545000
0.533000
0.546000
0.534000
0.536000
0.537000
0.563000
0.546000
0.558000
0.567000
0.580000
0.620000
0.596000
0.573000
0.583000
0.605000
0.565000
0.597000
0.587000
0.595000
0.596000
0.617000
0.599000
0.629000
0.647000
0.613000
0.616000
0.643000
0.643000
0.640000
0.640000
0.658000
0.664000
0.676000
0.636000
0.686000
0.656000
0.668000
0.668000
0.693000
0.685000
0.701000
0.691000
0.709000
0.712000
0.768000
0.807000
0.743000
0.732000
0.742000
0.725000
0.732000
0.735000
0.738000
0.747000
0.753000
0.746000
0.758000
0.795000
0.755000
0.769000
0.778000
0.790000
0.774000
0.781000
0.787000
0.984000
0.866000
0.844000
0.814000
0.814000
0.822000
0.829000
0.818000
0.819000
0.820000
0.862000
0.842000
0.854000
0.859000
0.844000
0.868000
0.881000
0.891000
0.884000
0.908000
0.970000
0.894000
0.893000
0.902000
0.921000
0.913000
0.909000
0.912000
0.916000
0.924000
0.922000
0.934000
0.956000
0.954000
0.949000
0.951000
0.956000
0.976000
0.953000
0.977000
0.984000
1.001000
0.986000
0.982000
0.993000
1.002000
1.008000
1.019000
1.022000
1.027000
1.035000
1.002000
1.040000
1.032000
1.044000
1.066000
1.058000
1.048000
1.117000
1.083000
1.104000
1.089000
1.097000
1.119000
1.096000
1.165000
1.129000
1.139000
1.115000
1.148000
1.147000
1.162000
1.163000
1.137000
1.171000
1.178000
1.156000
1.185000
1.186000
1.195000
1.303000
1.395000
1.219000
2.324000
1.248000
1.280000
1.212000
1.612000
3.097000
3.127000
3.110000
3.114000
3.184000
3.149000
3.168000
3.172000
3.446000
3.222000
3.253000
3.233000
3.233000
3.298000
3.298000
3.333000
3.360000
3.334000
3.377000
3.370000
3.397000
3.382000
3.401000
3.402000
3.426000
3.446000
3.469000
3.498000
3.503000
3.500000
3.525000
3.530000
3.542000
3.542000
3.603000
3.608000
3.632000
3.644000
3.612000
3.662000
3.671000
3.682000
3.678000
3.748000
3.758000
3.780000
3.755000
3.801000
3.790000
3.794000
3.814000
3.859000
3.880000
3.870000
3.867000
3.893000
3.953000
3.957000
3.967000
3.959000
3.968000
3.973000
4.003000
4.062000
4.028000
4.057000
4.070000
4.101000
4.090000
4.120000
4.163000
4.172000
4.155000
4.222000
4.210000
4.224000
4.217000
4.265000
4.242000
4.299000
4.334000
4.355000
4.335000
4.346000
4.366000
4.379000
4.386000
4.450000
4.437000
4.436000
4.494000
4.482000
4.487000
4.521000
4.635000
4.561000
4.545000
4.557000
4.624000
4.650000
4.708000
4.691000
4.626000
4.706000
5.236000
4.693000
4.743000
4.788000
4.782000
4.801000
4.785000
4.793000
4.857000
4.897000
4.887000
4.896000
4.598000
1.947000
1.853000
2.880000
1.899000
1.905000
1.935000
1.865000
1.862000
1.846000
1.934000
1.882000
1.895000
2.000000
1.957000
1.913000
1.948000
1.949000
1.944000
1.942000
1.956000
2.046000
2.129000
2.154000
2.118000
2.141000
2.122000
2.190000
2.131000
2.117000
2.128000
2.171000
2.142000
2.201000
2.175000
2.191000
2.215000
2.209000
2.202000
2.213000
2.247000
2.213000
2.230000
2.224000
2.260000
2.233000
2.295000
2.334000
2.278000
2.292000
2.281000
2.308000
2.292000
2.313000
2.333000
2.334000
2.364000
2.346000
2.333000
2.375000
2.369000
2.384000
2.408000
2.425000
2.446000
2.415000
2.410000
2.407000
2.426000
2.406000
2.439000
2.460000
2.490000
2.493000
2.493000
2.497000
2.549000
2.511000
2.484000
2.611000
2.545000
2.533000
2.559000
2.552000
2.523000
2.599000
2.623000
2.581000
2.607000
2.588000
2.591000
2.654000
2.639000
2.634000
2.621000
2.657000
2.733000
2.665000
2.861000
2.702000
2.714000
2.689000
2.701000
2.749000
2.913000
2.760000
2.740000
2.735000
2.758000
2.791000
2.758000
2.806000
2.770000
2.832000
2.817000
2.889000
2.789000
2.865000
2.870000
2.874000
2.898000
2.882000
2.857000
2.894000
2.933000
2.907000
2.905000
2.936000
2.946000
2.963000
2.953000
2.918000
2.990000
3.071000
3.038000
3.002000
3.031000
2.993000
3.049000
3.039000
3.823000
3.063000
3.070000
3.075000
3.083000
3.115000
3.062000
3.082000
3.103000
3.140000
3.252000
3.136000
3.185000
3.147000
3.142000
3.151000
3.177000
3.265000
3.207000
3.175000
3.209000
3.232000
4.108000
3.299000
3.331000
3.331000
3.275000
3.297000
3.270000
3.288000
3.315000
3.328000
3.320000
3.399000
3.303000
3.342000
3.393000
3.360000
3.352000
3.369000
3.363000
3.368000
3.438000
3.436000
3.431000
3.470000
3.417000
3.458000
3.499000
3.476000
3.501000
3.525000
3.489000
3.808000
4.302000
3.575000
8.403000
8.919000
8.928000
8.914000
8.943000
9.451000
9.071000
9.066000
9.109000
9.109000
9.179000
9.129000
9.183000
9.285000
5.172000
3.818000
3.503000
3.534000
3.477000
3.539000
3.520000
3.524000
3.525000
3.527000
3.525000
3.546000
3.791000
3.804000
3.790000
3.834000
3.826000
3.828000
3.861000
3.845000
3.849000
3.841000
3.860000
3.859000
3.908000
3.917000
3.917000
4.000000
3.928000
3.924000
3.942000
4.021000
4.005000
4.083000
4.142000
4.052000
4.055000
4.037000
4.031000
4.048000
4.081000
4.108000
4.083000
4.145000
4.088000
4.160000
4.131000
4.138000
4.146000
4.273000
4.183000
4.155000
4.240000
4.226000
4.204000
4.240000
4.199000
4.271000
4.252000
4.237000
4.214000
4.275000
4.292000
4.319000
4.308000
4.480000
4.334000
4.316000
4.339000
4.404000
4.365000
4.471000
4.387000
4.371000
4.438000
4.406000
4.463000
4.429000
4.443000
4.474000
4.467000
4.498000
4.509000
4.469000
4.935000
4.519000
4.510000
4.547000
4.635000
4.626000
4.606000
4.614000
4.563000
4.623000
4.590000
4.635000
4.648000
4.840000
4.669000
4.658000
4.692000
4.702000
4.742000
4.765000
4.692000
4.730000
4.726000
4.793000
4.715000
4.762000
4.765000
4.894000
4.769000
4.835000
4.829000
4.861000
4.835000
4.854000
4.926000
4.872000
4.905000
4.946000
4.919000
4.944000
5.000000
4.928000
5.015000
5.014000
4.966000
5.286000
4.993000
5.008000
5.030000
5.108000
5.042000
5.010000
5.319000
5.079000
5.098000
5.165000
5.210000
5.118000
5.147000
5.168000
5.202000
5.235000
5.209000
5.286000
5.209000
5.271000
5.244000
5.250000
5.227000
5.249000
5.348000
5.260000
5.366000
5.339000
5.308000
5.355000
5.399000
5.398000
5.439000
5.422000
5.405000
5.395000
5.437000
5.463000
5.437000
5.469000
5.475000
5.462000
5.522000
5.481000
5.482000
5.559000
5.532000
5.557000
5.636000
5.590000
5.596000
5.590000
5.643000
5.644000
5.674000
5.796000
5.675000
5.740000
6.870000
6.023000
5.718000
5.903000
5.729000
5.725000
5.757000
5.731000
5.831000
5.770000
5.794000
5.816000
5.808000
5.826000
5.850000
5.837000
5.873000
5.885000
5.940000
5.880000
6.203000
7.380000
14.827000
15.056000
15.357000
15.041000
15.066000
15.033000
12.425000
6.159000
5.608000
5.655000
5.752000
5.691000
5.740000
5.690000
6.052000
6.157000
6.076000
